0.045188
3.45953
2.4312
1.33739
3.75281
0.804567
3.7251
2.16973
2.22887
3.36988
2.90942
0.376924
4.14338
3.28829
1.27395
1.14054
0.0837253
0.206116
0.266576
0.534878
1.11569
4.74486
1.87037
0.28321
3.51046
0.823364
0.438768
0.823676
1.11922
1.13385
0.725279
0.107021
0.350452
2.21223
0.453911
1.95632
1.25209
0.734486
0.400915
6.9935
1.15513
2.33256
1.34393
1.24544
3.75488
0.528448
1.86761
1.82938
5.94267
0.0889982
0.757291
0.565632
1.16753
0.0695635
0.964507
0.262201
0.14087
0.359387
3.82352
0.108583
1.63902
0.424897
3.89879
0.0383215
1.51821
1.10604
1.33247
2.24742
0.559756
0.971854
0.118805
1.14548
0.841691
2.91498
2.32885
2.2132
0.20334
0.0626497
2.69397
0.695886
1.12793
1.68058
1.14036
3.26794
3.04394
0.894081
1.93893
2.37135
11.7536
3.42735
2.68676
1.00338
0.696335
3.32592
0.30924
0.604614
0.674684
2.57056
1.28184
0.922048
0.891743
1.34976
1.03614
0.757573
4.18924
3.78444
0.19647
1.91077
4.24454
0.0992869
0.998878
2.30767
7.28005
0.50857
0.96381
2.11223
2.70581
0.194853
0.24716
1.01331
3.36997
1.11952
1.53583
0.315647
2.15826
0.544108
1.10968
0.156844
0.357516
0.396351
5.30775
2.23541
2.85834
5.74534
0.0756708
0.217701
0.46227
6.9836
3.38801
0.978473
1.79731
1.90285
0.0747453
5.51088
1.23586
2.8107
0.192306
1.61804
1.41666
0.0150816
0.838131
0.200438
0.342587
1.46462
0.203209
1.28693
1.15175
0.375506
1.13135
7.57114
0.0613229
1.18772
0.151914
0.360423
3.29633
0.961699
0.0905104
1.34402
6.51622
0.666554
4.10344
0.861536
5.40273
5.77345
3.49175
2.85661
0.00455736
1.17558
1.49124
0.0642657
0.748303
7.96553
1.00919
2.2004
1.71405
3.01669
0.774044
1.3595
1.87088
1.56538
0.622948
0.758572
0.289372
2.4871
0.158712
3.32122
1.04774
0.297358
2.02509
5.52512
2.04715
3.96436
2.48514
0.810641
3.30614
0.0856721
0.078977
1.37343
3.89616
0.156975
0.333143
1.03299
6.78395
1.95692
0.751602
2.80722
3.38879
0.300475
0.243332
1.02953
2.52051
0.34765
0.59422
0.0143673
2.13022
0.126159
7.18488
2.00345
0.990074
2.40286
2.98909
0.643059
5.23719
1.07656
0.0558397
1.06594
2.20688
0.889219
0.508995
1.84732
1.87015
3.93766
0.133928
0.314808
0.123183
4.58808
2.46325
1.4111
1.73675
