0.165892
0.156389
0.136732
0.000463244
1.24866
1.7116
0.60884
14.0849
2.37218
1.65663
4.80691
0.268588
3.7993
0.31678
0.53848
1.14001
0.756862
3.82061
1.43638
1.08725
1.83311
0.354519
0.55698
3.45711
2.66618
0.892055
0.698991
2.1705
1.19721
0.712842
0.219976
0.40832
0.48004
0.615082
0.213415
1.80369
0.726874
0.573116
2.11112
4.04137
1.19189
1.40623
3.91878
4.16251
2.97627
0.735988
0.917611
2.01191
0.000329217
4.6601
1.15876
1.78312
1.04811
1.28205
0.352532
1.26417
2.11565
3.54056
0.0116655
0.694174
0.141308
1.85054
3.86956
0.905457
1.08886
0.492688
0.322398
2.686
0.869943
0.776489
1.36378
1.87833
0.644589
0.715549
1.71535
0.167081
1.94258
0.13821
1.93109
0.700885
0.611742
3.36829
1.67461
1.00684
2.29373
2.79696
0.135297
3.5177
0.704131
0.346188
0.822512
1.39964
1.94924
0.715799
1.12465
2.00093
2.6369
1.19002
6.15972
0.0628467
0.514656
2.24449
1.81334
0.811371
2.44435
0.444712
0.89003
3.7387
1.36682
3.46591
0.344353
0.53146
4.33936
2.51843
0.970693
2.03431
0.807893
4.02523
0.172232
0.747654
0.767256
0.381848
2.44733
0.304635
1.69842
0.630656
2.22809
2.64461
0.655824
0.00532813
1.26914
0.646892
1.52854
4.91362
3.91085
1.50607
1.59172
2.79625
1.35412
1.15434
0.421921
0.555648
2.3085
1.42388
5.00396
0.494254
1.20601
0.268806
1.75621
0.137414
4.78314
0.522315
0.674505
3.65488
3.60893
3.09314
3.06903
0.762279
1.85149
4.28037
1.94901
0.861657
0.624609
2.13207
5.31919
2.12523
0.538736
1.52854
0.499538
0.207703
2.24396
0.269132
3.03578
1.39148
14.5663
0.708524
1.29439
1.76864
0.189205
1.22321
5.99966
2.26342
0.663312
2.03697
3.32886
5.306
2.69605
0.322417
0.628878
0.551212
0.539006
2.0239
4.42611
1.44966
5.75979
1.20199
1.13914
0.040514
0.539134
2.63726
1.67284
3.01115
0.0694869
0.369069
0.821934
0.114431
1.52339
0.228504
3.8368
1.99727
0.445401
0.908907
1.22809
0.0594848
0.0978972
4.28108
1.01481
0.306043
2.1329
0.0895111
4.39769
3.19294
1.36755
0.604482
0.54448
5.93608
0.770507
3.43125
1.20706
1.47547
1.33837
0.674811
1.73747
0.252581
2.1361
7.93501
0.513364
4.09111
1.84956
2.14885
0.835186
2.71354
1.01808
2.09077
0.715184
1.04928
5.33922
5.25656
0.561687
