42.8553
1.71598
15.3518
8.78233
0.67923
0.922289
4.96905
2.5851
1.70273
2.00393
3.10584
0.734082
2.62633
4.48428
2.31125
7.63797
6.81198
4.81517
4.92349
4.07397
1.83602
0.815018
1.50781
0.964857
3.58777
10.9738
0.212929
1.51659
3.85854
2.56446
0.959461
1.78448
0.642399
4.60879
1.74375
3.26301
1.12921
0.687043
0.269148
0.630734
4.08533
0.281869
2.27196
0.577606
1.02303
2.75435
7.13433
3.04555
4.89031
11.0157
3.56881
3.40114
2.11047
1.285
0.891774
1.39529
3.37607
8.04576
1.3315
1.79729
0.275083
6.62059
6.03776
2.44435
1.93533
6.69747
1.73535
3.07612
3.24044
10.0555
3.24902
5.7151
2.10436
1.26673
0.378099
2.46389
1.75738
2.56855
0.972019
1.09443
4.15965
5.533
1.02265
2.40998
1.47267
4.40563
0.0813029
3.46249
0.22933
0.511048
2.86739
1.90249
1.74744
4.67337
1.49262
1.33994
7.26448
3.38884
2.38167
3.16558
2.08048
4.9924
1.07298
1.98495
1.00331
2.56711
1.71005
3.04529
1.00754
1.10801
3.45798
3.80853
2.83865
2.97647
1.18592
1.349
0.549263
2.5739
1.88063
2.91172
5.50027
5.90754
1.57641
4.05017
3.50349
2.38854
0.180935
2.34031
1.14331
4.2502
0.853762
0.158296
4.16163
0.620539
1.12595
5.19237
5.89742
3.90859
5.54368
2.73165
4.24021
3.17261
1.20711
0.254206
4.42712
0.483624
0.383727
2.5069
3.93368
0.326505
6.15328
0.92785
7.06968
1.03334
1.91811
1.25984
1.81113
1.80193
2.74154
1.7249
2.81292
3.80784
2.92954
0.27194
4.52043
2.08662
2.30667
5.17155
7.83399
1.69829
0.725729
1.69981
3.95296
1.15872
4.98323
1.56438
2.45578
1.92149
6.59386
1.96104
0.926933
3.69647
1.6275
0.894567
2.00351
3.51596
0.318874
1.86464
1.3056
6.4254
0.253599
11.0127
3.58034
0.585528
1.37703
0.959433
1.99331
1.6934
5.13844
2.26114
2.75685
1.78657
7.23235
8.4459
0.205588
0.88654
2.78326
2.15265
1.12544
0.603176
8.93173
2.29959
0.948714
3.24359
4.67736
1.87537
5.56769
1.48162
2.51038
5.84705
1.69688
6.54247
4.30067
2.03374
1.61638
4.41485
1.67304
5.69461
2.90376
0.459678
0.0563773
0.530425
0.294456
7.82813
6.5035
0.569615
2.27994
0.20071
1.48731
0.713906
2.64653
9.5303
0.17493
6.66794
3.99554
2.65496
6.39648
1.54238
2.17694
