8.10451
17.4814
2.23637
0.892787
1.3871
4.70166
6.57271
0.427655
2.83199
0.413573
5.98925
1.557
6.00507
4.98816
1.03192
2.02196
3.79723
4.20941
5.02675
5.25122
3.55101
5.85883
1.97117
1.32843
0.30932
2.58143
1.23017
0.297751
4.48033
3.75259
1.93864
5.36461
0.124479
0.803259
2.36961
2.2715
0.948901
6.03591
0.891565
1.85668
1.90395
2.38117
3.99972
3.58524
1.0934
7.13186
3.89652
0.631108
0.674269
2.61435
1.45555
3.91524
3.13378
2.37584
4.05937
1.99614
3.67788
7.40881
5.35669
4.44509
1.53292
0.670982
1.43172
0.442908
0.446642
0.558466
6.4604
2.76487
0.348569
0.138568
2.29952
1.04703
1.83116
0.147031
1.11315
1.17677
1.89904
0.214037
0.263377
4.25755
3.08275
1.74359
0.597582
5.70145
6.28147
2.68525
7.56888
4.81491
2.53954
3.18851
1.30497
6.99143
0.897804
1.38849
2.62787
0.588908
2.70932
0.266812
0.626866
4.63382
10.9059
0.0855144
2.00455
0.0827249
3.40668
4.88946
1.47595
0.927407
2.15484
1.46003
3.62699
5.27996
1.56838
1.04108
1.93533
3.84366
0.556851
0.73227
2.95915
10.8192
2.32974
3.25901
2.69226
1.91386
4.17864
2.14648
4.40074
1.48197
0.133146
4.79718
2.25457
2.21701
0.690525
6.13827
3.76644
3.62609
2.38036
2.9122
0.874052
4.30008
7.61054
7.44421
1.31254
3.96215
3.3578
2.20994
6.70025
1.62081
4.69233
1.77477
0.705281
2.12406
2.70157
0.630755
4.6429
7.0479
2.00829
0.133139
1.85004
0.89772
2.3659
5.12563
1.28067
1.99579
7.30689
5.52419
4.77444
3.12896
1.06943
4.39858
0.981949
0.593796
6.2287
5.93596
4.55836
4.11125
2.81244
0.64548
2.69348
0.525527
2.78856
0.0782229
5.36888
2.44315
4.46041
5.00709
2.54663
0.28282
1.23806
1.23409
3.75939
4.19211
2.39698
5.34918
0.77742
2.73857
2.46505
1.77665
0.289458
3.54454
1.12644
2.89876
0.745969
2.29297
6.87375
3.71086
11.6344
2.16354
0.991824
0.871519
4.10323
1.72881
4.65136
3.49977
5.2315
1.23188
4.22993
2.85645
6.36886
2.65733
0.79871
0.495657
1.23104
3.02619
1.86528
1.55361
2.60843
7.34442
3.92119
3.9011
1.67203
1.34089
4.98915
3.18383
1.82124
4.4528
1.47846
2.15342
2.05857
8.01643
0.875703
9.61834
1.53333
2.46388
1.91042
2.33141
4.58392
2.05612
